Date,Male,Female,Age0To19,Age20To29,Age30To39,Age40To49,Age50To59,Age60To69,Age70OrMore,TotalNewCases,Recovered,Deaths,TotalConfirmedCases,TotalRecovered,TotalDeaths,ActiveCases
2020-03-01,2,2,1,1,2,0,0,0,0,4,0,0,4,0,0,4
2020-03-02,0,0,0,0,0,0,0,0,0,0,0,0,4,0,0,4
2020-03-03,0,1,0,0,1,0,0,0,0,1,0,0,5,0,0,5
2020-03-04,3,0,0,1,1,0,0,1,0,3,0,1,8,0,1,7
2020-03-05,0,0,0,0,0,0,0,0,0,0,0,0,8,0,1,7
2020-03-06,0,0,0,0,0,0,0,0,0,0,0,0,8,0,1,7
2020-03-07,0,0,0,0,0,0,0,0,0,0,0,0,8,0,1,7
2020-03-08,2,0,0,0,0,0,2,0,0,2,0,0,10,0,1,9
2020-03-09,0,0,0,0,0,0,0,0,0,0,0,0,10,0,1,9
2020-03-10,0,1,1,0,0,0,0,0,0,1,1,0,11,1,1,9
2020-03-11,0,0,0,0,0,0,0,0,0,0,0,0,11,1,1,0
2020-03-12,0,0,0,0,0,0,0,0,0,0,0,0,11,1,1,0
2020-03-13,1,6,2,0,3,0,0,2,0,7,1,0,18,2,1,15
2020-03-14,0,0,0,0,0,0,0,0,0,0,0,0,18,2,1,0
2020-03-15,4,2,2,0,0,2,0,2,0,6,4,0,24,6,1,17
2020-03-16,1,2,1,1,0,1,0,0,0,3,4,0,27,10,1,16
2020-03-17,0,1,0,1,0,0,0,0,0,1,0,0,28,10,1,17
2020-03-18,0,1,1,0,0,0,0,0,0,1,0,0,29,10,1,18
2020-03-19,0,1,0,0,0,0,0,1,0,1,0,0,30,10,1,20
2020-03-20,4,2,0,2,0,3,0,0,1,6,4,0,36,14,1,21
2020-03-21,6,0,1,1,1,2,0,1,0,6,0,0,42,14,1,27
2020-03-22,5,5,3,1,3,1,0,2,0,10,5,0,52,19,1,32
2020-03-23,5,3,0,1,1,1,3,1,1,8,3,1,60,22,2,36
2020-03-24,1,5,2,0,1,2,1,0,0,6,5,0,66,27,2,37
2020-03-25,1,0,0,0,1,0,0,0,0,1,13,0,67,40,2,25
2020-03-26,0,1,0,0,0,0,1,0,0,1,0,0,68,40,2,26
2020-03-27,0,0,0,0,0,0,0,0,0,0,3,0,68,43,2,22
2020-03-28,0,1,0,0,0,0,0,0,1,1,6,0,69,49,2,17
2020-03-29,0,0,0,0,0,0,0,0,0,0,0,0,69,49,2,17
2020-03-30,10,9,3,6,4,2,3,1,0,19,0,0,88,49,2,36
2020-03-31,1,4,1,3,0,1,0,0,0,5,1,0,93,50,2,40
2020-04-01,9,6,3,8,1,0,3,0,0,15,0,0,108,50,2,55
2020-04-02,0,0,0,0,0,0,0,0,0,0,0,0,108,50,2,55
2020-04-03,1,0,0,0,0,1,0,0,0,1,0,0,109,50,2,56
2020-04-04,1,0,0,0,0,0,0,1,0,1,0,1,110,50,3,56
2020-04-05,0,3,0,3,0,0,0,0,0,3,0,0,113,50,3,59
2020-04-06,0,2,0,1,0,0,0,1,0,2,16,0,115,67,3,45
2020-04-07,0,1,1,0,0,0,0,0,0,1,17,0,116,84,3,29
2020-04-08,0,0,0,0,0,0,0,0,0,0,10,0,116,94,3,19
2020-04-09,1,3,1,2,0,1,0,0,0,4,0,0,120,94,3,23
2020-04-10,0,1,0,0,0,0,0,1,0,1,0,1,121,94,4,23
2020-04-11,1,3,1,1,2,0,0,0,0,4,1,0,125,95,4,26
2020-04-12,0,0,0,0,0,0,0,0,0,0,0,0,125,95,4,26
2020-04-13,2,0,1,0,0,0,0,1,0,2,5,0,127,100,4,23
2020-04-14,1,0,0,1,0,0,0,0,0,1,0,0,128,100,4,24
2020-04-15,1,0,0,1,0,0,0,0,0,1,0,0,129,100,4,25
2020-04-16,1,1,0,2,0,0,0,0,0,2,0,0,131,100,4,27
2020-04-17,0,0,0,0,0,0,0,0,0,0,10,0,131,110,4,17
2020-04-18,0,0,0,0,0,0,0,0,0,0,6,0,131,116,4,11
2020-04-19,0,0,0,0,0,0,0,0,0,0,2,0,131,118,4,9
2020-04-20,0,0,0,0,0,0,0,0,0,0,4,0,131,122,4,5
2020-04-21,0,0,0,0,0,0,0,0,0,0,0,0,131,122,4,5
2020-04-22,0,0,0,0,0,0,0,0,0,0,4,0,131,126,4,1
2020-04-23,1,0,0,0,1,0,0,0,0,1,0,0,132,126,4,2
2020-04-24,2,0,0,1,0,0,0,0,1,2,0,0,134,126,4,4
2020-04-25,0,0,0,0,0,0,0,0,0,0,0,0,134,126,4,4
2020-04-26,0,0,0,0,0,0,0,0,0,0,0,0,134,126,4,4
2020-04-27,0,3,2,1,0,0,0,0,0,3,0,0,137,126,4,7
2020-04-28,0,0,0,0,0,0,0,0,0,0,0,0,137,126,4,7
2020-04-29,1,0,0,0,1,0,0,0,0,1,0,0,138,126,4,8
2020-04-30,0,0,0,0,0,0,0,0,0,0,0,0,138,126,4,8
2020-05-01,0,0,0,0,0,0,0,0,0,0,0,0,138,126,4,8
2020-05-02,0,0,0,0,0,0,0,0,0,0,0,0,138,126,4,8
2020-05-03,0,0,0,0,0,0,0,0,0,0,7,0,138,133,4,1
2020-05-04,0,0,0,0,0,0,0,0,0,0,0,0,138,133,4,1
2020-05-05,0,0,0,0,0,0,0,0,0,0,1,0,138,134,4,0
2020-05-06,0,0,0,0,0,0,0,0,0,0,0,0,138,134,4,0
2020-05-07,0,0,0,0,0,0,0,0,0,0,0,0,138,134,4,0
2020-05-08,0,0,0,0,0,0,0,0,0,0,0,0,138,134,4,0
2020-05-09,0,0,0,0,0,0,0,0,0,0,0,0,138,134,4,0
2020-05-10,0,0,0,0,0,0,0,0,0,0,0,0,138,134,4,0
2020-05-11,0,0,0,0,0,0,0,0,0,0,0,0,138,134,4,0
2020-05-12,0,0,0,0,0,0,0,0,0,0,0,0,138,134,4,0
2020-05-13,1,0,0,0,0,0,1,0,0,1,0,0,139,134,4,1
2020-05-14,2,3,4,0,0,1,0,0,0,5,0,0,144,134,4,6
2020-05-15,0,0,0,0,0,0,0,0,0,0,0,0,144,134,4,6
2020-05-16,3,4,3,1,0,2,1,0,0,7,0,0,151,134,4,13
2020-05-17,6,3,2,3,0,2,2,0,0,9,0,0,160,134,4,22
2020-05-18,1,0,0,1,0,0,0,0,0,1,0,0,161,134,4,23
2020-05-19,4,5,1,2,3,0,3,0,0,9,0,0,170,134,4,32
2020-05-20,1,2,0,2,0,1,0,0,0,3,0,0,173,134,4,35
2020-05-21,2,3,1,0,1,2,0,1,0,5,0,0,178,134,4,40
2020-05-22,3,4,4,1,1,0,1,0,0,7,0,0,185,134,4,47
2020-05-23,3,5,0,1,3,2,1,1,0,8,17,0,193,151,4,38
2020-05-24,6,4,0,2,2,2,1,3,0,10,0,0,203,151,4,48
2020-05-25,0,0,0,0,0,0,0,0,0,0,0,0,203,151,4,48
2020-05-26,1,0,0,0,1,0,0,0,0,1,0,0,204,151,4,49
2020-05-27,9,7,2,4,4,1,0,4,1,16,0,0,220,151,4,65
2020-05-28,13,9,1,5,4,6,3,3,0,22,0,0,242,151,4,87
2020-05-29,5,1,0,0,2,2,1,1,0,6,0,0,248,151,4,93
2020-05-30,14,10,1,4,1,4,6,4,4,24,0,1,272,151,5,116
2020-05-31,64,38,6,26,22,17,17,8,6,102,0,1,374,151,6,217
2020-06-01,16,12,1,4,7,4,8,1,3,28,0,0,402,151,6,245
2020-06-02,31,15,6,11,5,9,4,6,5,46,12,5,448,163,11,274
2020-06-03,25,27,2,13,13,10,6,4,4,52,0,0,500,163,11,326
2020-06-04,51,38,13,13,22,16,18,6,1,89,0,2,589,163,13,413
2020-06-05,30,15,3,8,13,7,8,6,0,45,4,2,634,167,15,452
2020-06-06,59,32,12,25,22,11,14,6,1,91,0,1,725,167,16,542
2020-06-07,50,23,10,12,17,12,10,9,3,73,0,6,798,167,22,609
2020-06-08,42,32,9,19,18,13,8,6,1,74,79,2,872,246,24,602
2020-06-09,85,52,27,25,45,18,14,6,2,137,0,1,1009,246,25,738
2020-06-10,37,21,3,16,22,10,4,1,2,58,0,1,1067,246,26,795
2020-06-11,77,37,15,19,30,19,12,12,7,114,0,5,1181,246,31,904
2020-06-12,43,37,11,13,20,15,9,6,6,80,5,3,1261,251,34,976
2020-06-13,97,39,9,17,30,41,19,10,10,136,17,4,1312,268,38,1091
2020-06-14,51,27,7,9,26,18,14,3,1,78,351,3,1475,619,41,815
2020-06-15,79,48,9,15,38,24,22,11,8,127,0,6,1602,619,47,936
2020-06-16,100,52,20,17,38,37,17,11,12,152,21,5,1754,640,52,1062
2020-06-17,71,53,8,19,39,33,14,7,4,124,8,11,1878,648,63,1167
2020-06-18,96,63,5,37,45,29,21,14,8,159,23,7,2037,671,70,1296
2020-06-19,118,67,19,37,45,40,22,13,9,185,61,5,2222,732,75,1415
2020-06-20,143,95,15,51,61,40,36,28,7,238,4,7,2460,736,82,1642
2020-06-21,149,96,15,47,61,48,41,24,9,245,5,11,2705,741,93,1871
2020-06-22,161,89,19,47,60,56,35,21,12,250,4,5,2955,745,98,2112
2020-06-23,134,79,18,40,50,54,31,13,7,213,3,9,3168,748,107,2313
2020-06-24,103,70,8,38,52,28,27,12,8,173,0,4,3341,748,111,2482
2020-06-25,102,60,9,18,41,44,30,16,4,162,0,15,3503,748,126,2629
2020-06-26,178,77,7,40,76,55,40,27,10,255,9,12,3758,757,138,2863
2020-06-27,165,88,12,41,68,54,41,26,11,253,9,17,4011,768,155,3088
2020-06-28,0,0,0,0,0,0,0,0,0,86,6,3,4097,774,158,3165
2020-06-29,0,0,0,0,0,0,0,0,0,132,19,12,4229,793,170,3266
2020-06-30,0,0,0,0,0,0,0,0,0,181,39,7,4410,832,177,3401
2020-07-01,0,0,0,0,0,0,0,0,0,161,183,5,4571,1015,182,3374
2020-07-02,0,0,0,0,0,0,0,0,0,177,21,8,4748,1036,190,3522
2020-07-03,0,0,0,0,0,0,0,0,0,143,44,8,4891,1080,198,3613
2020-07-04,0,0,0,0,0,0,0,0,0,176,189,9,5067,1269,207,3591
2020-07-05,0,0,0,0,0,0,0,0,0,227,97,10,5294,1366,217,3711
2020-07-06,0,0,0,0,0,0,0,0,0,172,0,5,5466,1366,222,3878
2020-07-07,0,0,0,0,0,0,0,0,0,275,6,7,5741,1372,229,4140
2020-07-08,0,0,0,0,0,0,0,0,0,188,29,7,5929,1401,236,4292
2020-07-09,0,0,0,0,0,0,0,0,0,183,7,8,6112,1408,244,4460
2020-07-10,0,0,0,0,0,0,0,0,0,118,8,9,6230,1416,253,4561
2020-07-11,0,0,0,0,0,0,0,0,0,144,28,6,6374,1444,259,4671
2020-07-12,0,0,0,0,0,0,0,0,0,141,5,9,6515,1449,268,4798
2020-07-13,0,0,0,0,0,0,0,0,0,153,1863,12,6668,3312,280,3076
2020-07-14,0,0,0,0,0,0,0,0,0,117,10,11,6785,3322,291,3172
2020-07-15,0,0,0,0,0,0,0,0,0,143,16,12,6928,3338,303,3287
2020-07-16,0,0,0,0,0,0,0,0,0,108,36,7,7036,3374,310,3352
2020-07-17,0,0,0,0,0,0,0,0,0,108,22,9,7144,3396,319,3429
2020-07-18,0,0,0,0,0,0,0,0,0,88,29,6,7232,3425,325,3482
2020-07-19,0,0,0,0,0,0,0,0,0,105,38,6,7337,3463,331,3543
2020-07-20,0,0,0,0,0,0,0,0,0,84,21,5,7421,3484,336,3601
2020-07-21,0,0,0,0,0,0,0,0,0,130,31,9,7551,3515,345,3691
2020-07-22,0,0,0,0,0,0,0,0,0,121,16,7,7672,3531,352,3789
2020-07-23,0,0,0,0,0,0,0,0,0,127,16,10,7799,3547,362,3890
2020-07-24,0,0,0,0,0,0,0,0,0,107,8,5,7906,3555,367,3984
2020-07-25,0,0,0,0,0,0,0,0,0,114,6,7,8020,3561,374,4085
2020-07-26,0,0,0,0,0,0,0,0,0,103,20,9,8123,3581,383,4159
2020-07-27,0,0,0,0,0,0,0,0,0,72,1626,4,8195,5207,387,2601
2020-07-28,0,0,0,0,0,0,0,0,0,124,143,2,8319,5350,389,2580
2020-07-29,0,0,0,0,0,0,0,0,0,103,27,7,8422,5377,396,2649
2020-07-30,0,0,0,0,0,0,0,0,0,73,6,6,8495,5383,402,2710
2020-07-31,0,0,0,0,0,0,0,0,0,27,0,9,8522,5383,411,2728
2020-08-01,0,0,0,0,0,0,0,0,0,26,2,3,8548,5385,414,2749
2020-08-02,0,0,0,0,0,0,0,0,0,50,26,4,8598,5411,418,2769
2020-08-03,0,0,0,0,0,0,0,0,0,44,27,8,8642,5438,426,2778
2020-08-04,0,0,0,0,0,0,0,0,0,56,44,4,8698,5482,430,2786
2020-08-05,0,0,0,0,0,0,0,0,0,64,46,5,8762,5528,435,2799
2020-08-06,0,0,0,0,0,0,0,0,0,157,34,6,8919,5562,441,2916
2020-08-07,0,0,0,0,0,0,0,0,0,93,31,4,9012,5593,445,2974
2020-08-08,0,0,0,0,0,0,0,0,0,0,0,0,9012,5593,445,2974
2020-08-09,0,0,0,0,0,0,0,0,0,81,27,6,9093,5620,451,3022
2020-08-10,0,0,0,0,0,0,0,0,0,180,32,3,9273,5652,454,3167
2020-08-11,0,0,0,0,0,0,0,0,0,151,38,3,9424,5690,457,3277
2020-08-12,0,0,0,0,0,0,0,0,0,81,31,4,9505,5721,461,3323
2020-08-13,0,0,0,0,0,0,0,0,0,92,28,3,9597,5749,464,3384
