Date,Confirmed,Recovered,Deaths,ActiveCases,CasesPerDay,Male,Female,Age0To19,Age20To29,Age30To39,Age40To49,Age50To59,Age60To69,Age70OrMore,TotalComfirmed,TotalRecovered,TotalDeaths
2020-03-01,0,0,0,0,0,0,0,0,0,0,0,0,0,0,0,0,0
2020-03-02,0,0,0,0,0,0,0,0,0,0,0,0,0,0,0,0,0
2020-03-03,0,0,0,0,0,0,0,0,0,0,0,0,0,0,0,0,0
2020-03-04,0,0,0,0,0,0,0,0,0,0,0,0,0,0,0,0,0
2020-03-05,0,0,0,0,0,0,0,0,0,0,0,0,0,0,0,0,0
2020-03-06,0,0,0,0,0,0,0,0,0,0,0,0,0,0,0,0,0
2020-03-07,0,0,0,0,0,0,0,0,0,0,0,0,0,0,0,0,0
2020-03-08,0,0,0,0,0,0,0,0,0,0,0,0,0,0,0,0,0
2020-03-09,0,0,0,0,0,0,0,0,0,0,0,0,0,0,0,0,0
2020-03-10,0,0,0,0,0,0,0,0,0,0,0,0,0,0,0,0,0
2020-03-11,0,0,0,0,0,0,0,0,0,0,0,0,0,0,0,0,0
2020-03-12,0,0,0,0,0,0,0,0,0,0,0,0,0,0,0,0,0
2020-03-13,0,0,0,0,0,0,0,0,0,0,0,0,0,0,0,0,0
2020-03-14,0,0,0,0,0,0,0,0,0,0,0,0,0,0,0,0,0
2020-03-15,0,0,0,0,0,0,0,0,0,0,0,0,0,0,0,0,0
2020-03-16,0,0,0,0,0,0,0,0,0,0,0,0,0,0,0,0,0
2020-03-17,0,0,0,0,0,0,0,0,0,0,0,0,0,0,0,0,0
2020-03-18,0,0,0,0,0,0,0,0,0,0,0,0,0,0,0,0,0
2020-03-19,1,0,0,1,1,1,0,0,0,0,0,1,0,0,1,0,0
2020-03-20,0,0,0,1,0,0,0,0,0,0,0,0,0,0,1,0,0
2020-03-21,0,0,0,1,0,0,0,0,0,0,0,0,0,0,1,0,0
2020-03-22,0,0,0,1,0,0,0,0,0,0,0,0,0,0,1,0,0
2020-03-23,1,0,0,2,1,0,1,0,1,0,0,0,0,0,2,0,0
2020-03-24,0,0,0,2,0,0,0,0,0,0,0,0,0,0,2,0,0
2020-03-25,0,0,0,2,0,0,0,0,0,0,0,0,0,0,2,0,0
2020-03-26,0,0,0,2,0,0,0,0,0,0,0,0,0,0,2,0,0
2020-03-27,5,0,0,7,5,3,2,3,0,1,1,0,0,0,7,0,0
2020-03-28,2,0,0,9,2,2,0,1,1,0,0,0,0,0,9,0,0
2020-03-29,0,0,0,9,0,0,0,0,0,0,0,0,0,0,9,0,0
2020-03-30,0,0,0,9,0,0,0,0,0,0,0,0,0,0,9,0,0
2020-03-31,3,0,0,12,3,2,1,0,0,1,1,1,0,0,12,0,0
2020-04-01,0,0,0,12,0,0,0,0,0,0,0,0,0,0,12,0,0
2020-04-02,0,0,0,12,0,0,0,0,0,0,0,0,0,0,12,0,0
2020-04-03,0,6,0,6,0,0,0,0,0,0,0,0,0,0,12,0,0
2020-04-04,0,0,0,6,0,0,0,0,0,0,0,0,0,0,12,0,0
2020-04-05,0,0,0,6,0,0,0,0,0,0,0,0,0,0,12,0,0
2020-04-06,0,0,0,6,0,0,0,0,0,0,0,0,0,0,12,0,0
2020-04-07,3,6,0,3,3,1,2,1,0,2,0,0,0,0,15,0,0
2020-04-08,0,0,0,3,0,0,0,0,0,0,0,0,0,0,15,0,0
2020-04-09,0,0,0,3,0,0,0,0,0,0,0,0,0,0,15,0,0
2020-04-10,0,0,0,3,0,0,0,0,0,0,0,0,0,0,15,0,0
2020-04-11,0,0,0,3,0,0,0,0,0,0,0,0,0,0,15,0,0
2020-04-12,0,0,0,3,0,0,0,0,0,0,0,0,0,0,15,0,0
2020-04-13,0,0,0,3,0,0,0,0,0,0,0,0,0,0,15,0,0
2020-04-14,0,0,0,3,0,0,0,0,0,0,0,0,0,0,15,0,0
2020-04-15,0,0,0,3,0,0,0,0,0,0,0,0,0,0,15,0,0
2020-04-16,0,0,0,3,0,0,0,0,0,0,0,0,0,0,15,0,0
2020-04-17,0,0,0,3,0,0,0,0,0,0,0,0,0,0,15,0,0
2020-04-18,0,0,0,3,0,0,0,0,0,0,0,0,0,0,15,0,0
2020-04-19,0,0,0,3,0,0,0,0,0,0,0,0,0,0,15,0,0
2020-04-20,0,3,0,0,0,0,0,0,0,0,0,0,0,0,15,0,0
2020-04-21,0,0,0,0,0,0,0,0,0,0,0,0,0,0,15,0,0
2020-04-22,0,0,0,0,0,0,0,0,0,0,0,0,0,0,15,0,0
2020-04-23,1,0,0,1,1,1,0,0,0,0,1,0,0,0,16,0,0
2020-04-24,2,0,0,3,2,2,0,1,0,0,0,0,0,1,18,0,0
2020-04-25,0,0,0,3,0,0,0,0,0,0,0,0,0,0,18,0,0
2020-04-26,1,0,0,4,1,1,0,0,0,0,0,0,0,1,19,0,0
2020-04-27,0,0,0,4,0,0,0,0,0,0,0,0,0,0,19,0,0
2020-04-28,0,0,0,4,0,0,0,0,0,0,0,0,0,0,19,0,0
2020-04-29,0,0,0,4,0,0,0,0,0,0,0,0,0,0,19,0,0
2020-04-30,0,0,0,4,0,0,0,0,0,0,0,0,0,0,19,0,0
2020-05-01,0,0,0,4,0,0,0,0,0,0,0,0,0,0,19,0,0
2020-05-02,0,0,0,4,0,0,0,0,0,0,0,0,0,0,19,0,0
2020-05-03,0,0,0,4,0,0,0,0,0,0,0,0,0,0,19,0,0
2020-05-04,0,0,0,4,0,0,0,0,0,0,0,0,0,0,19,0,0
2020-05-05,0,1,0,3,0,0,0,0,0,0,0,0,0,0,19,0,0
2020-05-06,0,0,0,3,0,0,0,0,0,0,0,0,0,0,19,0,0
2020-05-07,0,0,0,3,0,0,0,0,0,0,0,0,0,0,19,0,0
2020-05-08,0,0,0,3,0,0,0,0,0,0,0,0,0,0,19,0,0
2020-05-09,0,0,0,3,0,0,0,0,0,0,0,0,0,0,19,0,0
2020-05-10,0,3,0,0,0,0,0,0,0,0,0,0,0,0,19,0,0
2020-05-11,0,0,0,0,0,0,0,0,0,0,0,0,0,0,19,0,0
2020-05-12,0,0,0,0,0,0,0,0,0,0,0,0,0,0,19,0,0
2020-05-13,0,0,0,0,0,0,0,0,0,0,0,0,0,0,19,0,0
2020-05-14,0,0,0,0,0,0,0,0,0,0,0,0,0,0,19,0,0
2020-05-15,0,0,0,0,0,0,0,0,0,0,0,0,0,0,19,0,0
2020-05-16,0,0,0,0,0,0,0,0,0,0,0,0,0,0,19,0,0
2020-05-17,0,0,0,0,0,0,0,0,0,0,0,0,0,0,19,0,0
2020-05-18,0,0,0,0,0,0,0,0,0,0,0,0,0,0,19,0,0
2020-05-19,0,0,0,0,0,0,0,0,0,0,0,0,0,0,19,0,0
2020-05-20,0,0,0,0,0,0,0,0,0,0,0,0,0,0,19,0,0
2020-05-21,0,0,0,0,0,0,0,0,0,0,0,0,0,0,19,0,0
2020-05-22,1,0,0,1,1,1,0,0,1,0,0,0,0,0,20,0,0
2020-05-23,6,0,0,7,6,6,0,0,0,6,0,0,0,0,26,0,0
2020-05-24,0,0,0,7,0,0,0,0,0,0,0,0,0,0,26,0,0
2020-05-25,0,0,0,7,0,0,0,0,0,0,0,0,0,0,26,0,0
2020-05-26,0,0,0,7,0,0,0,0,0,0,0,0,0,0,26,0,0
2020-05-27,0,0,0,7,0,0,0,0,0,0,0,0,0,0,26,0,0
2020-05-28,0,0,0,7,0,0,0,0,0,0,0,0,0,0,26,0,0
2020-05-29,1,0,0,8,1,1,0,0,0,1,0,0,0,0,27,0,0
2020-05-30,4,0,0,12,4,2,2,0,1,1,1,0,1,0,31,0,0
2020-05-31,2,0,0,14,2,1,1,1,0,0,0,1,0,0,33,0,0
2020-06-01,6,0,0,20,6,1,5,3,1,0,1,1,0,0,39,0,0
2020-06-02,33,2,0,51,33,14,19,9,10,7,5,2,0,0,72,0,0
2020-06-03,19,5,0,65,19,10,9,6,7,2,1,1,1,1,91,0,0
2020-06-04,6,0,0,71,6,0,2,0,0,0,0,0,0,0,97,0,0
2020-06-05,0,0,0,71,0,0,0,0,0,0,0,0,0,0,97,0,0
2020-06-06,3,0,0,74,3,1,2,2,0,0,1,0,0,0,100,0,0
2020-06-07,2,0,0,76,2,0,2,0,0,0,2,0,0,0,102,0,0
2020-06-08,1,5,0,72,1,1,0,0,0,1,0,0,0,0,103,0,0
2020-06-09,2,0,0,74,2,2,0,0,0,0,2,0,0,0,105,0,0
2020-06-10,3,5,0,72,3,2,1,1,0,2,0,0,0,0,108,0,0
2020-06-11,2,8,0,66,2,1,1,0,0,0,1,0,0,1,110,0,0
2020-06-12,14,6,0,74,14,7,7,9,2,1,2,0,0,0,124,0,0
2020-06-13,9,8,0,75,9,4,5,4,1,1,3,0,0,0,133,0,0
2020-06-14,0,14,0,61,0,0,0,0,0,0,0,0,0,0,133,0,0
2020-06-15,2,7,0,56,2,1,1,1,0,0,1,0,0,0,135,0,0
2020-06-16,0,9,0,47,0,0,0,0,0,0,0,0,0,0,135,0,0
2020-06-17,1,4,0,44,1,0,0,0,0,0,0,0,0,0,136,0,0
2020-06-18,4,6,0,42,4,4,0,0,1,2,1,0,0,0,140,0,0
2020-06-19,3,5,0,40,3,3,0,0,0,2,1,0,0,0,143,0,0
2020-06-20,2,12,0,30,2,0,0,0,0,0,0,0,0,0,145,0,0
2020-06-21,6,3,0,33,6,6,0,0,0,4,2,0,0,0,151,0,0
2020-06-22,3,0,0,36,3,1,2,1,0,1,1,0,0,0,154,0,0
2020-06-23,0,12,0,24,0,0,0,0,0,0,0,0,0,0,154,0,0
2020-06-24,2,3,0,23,2,0,0,0,0,0,0,0,0,0,156,0,0
2020-06-25,3,0,0,26,3,3,0,1,1,1,0,0,0,0,159,0,0
2020-06-26,6,0,0,32,6,3,3,1,0,1,1,3,0,0,165,0,0
2020-06-27,3,0,0,35,3,2,1,1,0,1,1,0,0,0,168,0,0
2020-06-28,4,6,0,33,4,0,0,0,0,0,0,0,0,0,172,0,0
2020-06-29,1,0,0,34,1,0,0,0,0,0,0,0,0,0,173,0,0
2020-06-30,1,0,0,35,1,0,0,0,0,0,0,0,0,0,174,0,0
2020-07-01,0,1,0,34,0,0,0,0,0,0,0,0,0,0,174,0,0
2020-07-02,4,4,0,34,4,3,1,0,0,2,1,1,0,0,178,0,0
2020-07-03,5,0,0,39,5,4,1,1,0,2,1,0,0,1,183,0,0
2020-07-04,3,11,0,31,3,3,0,0,2,1,0,0,0,0,186,0,0
2020-07-05,2,0,0,33,2,0,0,0,0,0,0,0,0,0,188,0,0
2020-07-06,15,9,0,39,15,0,0,0,0,0,0,0,0,0,203,0,0
2020-07-07,25,4,0,60,25,0,0,0,0,0,0,0,0,0,228,0,0
2020-07-08,29,5,0,84,29,0,0,0,0,0,0,0,0,0,257,0,0
